              precision    recall  f1-score   support

           0      0.922     0.950     0.936       100
           1      0.924     0.850     0.885       100
           2      0.676     0.710     0.693       100
           3      0.762     0.640     0.696       100
           4      0.613     0.680     0.645       100
           5      0.772     0.780     0.776       100
           6      0.883     0.830     0.856       100
           7      0.780     0.850     0.813       100
           8      0.863     0.880     0.871       100
           9      0.945     0.860     0.901       100
          10      0.740     0.570     0.644       100
          11      0.545     0.550     0.547       100
          12      0.891     0.820     0.854       100
          13      0.774     0.720     0.746       100
          14      0.752     0.790     0.771       100
          15      0.815     0.880     0.846       100
          16      0.784     0.870     0.825       100
          17      0.854     0.880     0.867       100
          18      0.915     0.750     0.824       100
          19      0.821     0.780     0.800       100
          20      0.861     0.870     0.866       100
          21      0.874     0.970     0.919       100
          22      0.830     0.880     0.854       100
          23      0.915     0.750     0.824       100
          24      0.916     0.870     0.892       100
          25      0.742     0.690     0.715       100
          26      0.679     0.760     0.717       100
          27      0.644     0.670     0.657       100
          28      0.840     0.840     0.840       100
          29      0.830     0.780     0.804       100
          30      0.784     0.760     0.772       100
          31      0.814     0.790     0.802       100
          32      0.755     0.710     0.732       100
          33      0.679     0.740     0.708       100
          34      0.878     0.790     0.832       100
          35      0.579     0.440     0.500       100
          36      0.822     0.880     0.850       100
          37      0.778     0.840     0.808       100
          38      0.737     0.730     0.734       100
          39      0.911     0.920     0.915       100
          40      0.816     0.840     0.828       100
          41      0.967     0.890     0.927       100
          42      0.503     0.770     0.609       100
          43      0.816     0.800     0.808       100
          44      0.667     0.700     0.683       100
          45      0.604     0.610     0.607       100
          46      0.573     0.630     0.600       100
          47      0.633     0.620     0.626       100
          48      0.881     0.960     0.919       100
          49      0.807     0.920     0.860       100
          50      0.633     0.620     0.626       100
          51      0.746     0.910     0.820       100
          52      0.535     0.830     0.651       100
          53      0.932     0.960     0.946       100
          54      0.879     0.870     0.874       100
          55      0.609     0.530     0.567       100
          56      0.906     0.870     0.888       100
          57      0.921     0.820     0.868       100
          58      0.845     0.930     0.886       100
          59      0.817     0.580     0.678       100
          60      0.843     0.860     0.851       100
          61      0.760     0.790     0.775       100
          62      0.805     0.700     0.749       100
          63      0.708     0.750     0.728       100
          64      0.698     0.600     0.645       100
          65      0.780     0.710     0.743       100
          66      0.736     0.780     0.757       100
          67      0.778     0.700     0.737       100
          68      0.864     0.950     0.905       100
          69      0.925     0.860     0.891       100
          70      0.818     0.810     0.814       100
          71      0.762     0.770     0.766       100
          72      0.676     0.480     0.561       100
          73      0.711     0.690     0.701       100
          74      0.562     0.630     0.594       100
          75      0.880     0.950     0.913       100
          76      0.929     0.910     0.919       100
          77      0.841     0.740     0.787       100
          78      0.675     0.810     0.736       100
          79      0.895     0.850     0.872       100
          80      0.735     0.610     0.667       100
          81      0.723     0.730     0.726       100
          82      0.949     0.930     0.939       100
          83      0.854     0.820     0.837       100
          84      0.784     0.760     0.772       100
          85      0.864     0.890     0.877       100
          86      0.857     0.840     0.848       100
          87      0.853     0.930     0.890       100
          88      0.817     0.760     0.788       100
          89      0.870     0.940     0.904       100
          90      0.802     0.890     0.844       100
          91      0.863     0.820     0.841       100
          92      0.691     0.760     0.724       100
          93      0.730     0.730     0.730       100
          94      0.932     0.960     0.946       100
          95      0.778     0.770     0.774       100
          96      0.658     0.500     0.568       100
          97      0.792     0.840     0.816       100
          98      0.635     0.610     0.622       100
          99      0.783     0.830     0.806       100

    accuracy                          0.782     10000
   macro avg      0.786     0.782     0.782     10000
weighted avg      0.786     0.782     0.782     10000
